00000337
00000347
00000561
00000396
00000226
00000299
00000473
00000118
00000450
00000339
00000285
00000329
00000199
00000560
00000316
00000175
00000549
00000185
00000003
00000312
00000326
00000346
00000071
00000515
00000376
00000292
00000484
00000579
00000016
00000056
00000007
00000471
00000311
00000430
00000323
00000366
00000464
00000319
00000022
00000031
00000287
00000405
00000496
00000221
00000478
00000189
00000320
00000260
00000502
00000543
00000357
00000518
00000348
00000069
00000231
00000451
00000179
00000026
00000494
00000034
00000191
00000091
00000294
00000556
00000389
00000197
00000129
00000486
00000503
00000573
00000298
00000584
00000021
00000525
00000359
00000054
00000078
00000403
00000096
00000536
00000572
00000514
00000038
00000412
00000313
00000211
00000423
00000194
00000351
00000104
00000151
00000273
00000408
00000304
00000340
00000214
00000165
00000460
00000010
00000043
00000480
00000587
00000233
00000009
00000196
00000479
00000143
00000564
00000193
00000391
00000401
00000040
00000482
00000546
00000307
00000501
00000574
00000446
00000244
00000167
00000511
00000554
00000164
00000541
00000463
00000005
00000159
00000271
00000023
00000048
00000055
00000472
00000305
00000306
00000475
00000427
00000149
00000369
00000383
00000506
00000458
00000581
00000251
00000397
00000379
00000491
00000108
00000060
00000006
00000278
00000047
00000242
00000354
00000134
00000485
00000176
00000070
00000413
00000064
00000224
00000365
00000493
00000232
00000296
00000583
00000272
00000467
00000411
00000547
00000566
00000243
00000125
00000378
00000275
00000088
00000212
00000327
00000247
00000192
00000498
00000375
00000268
00000521
00000452
00000279
00000453
00000315
00000324
00000249
00000112
00000241
00000524
00000270
00000066
00000522
00000024
00000230
00000188
00000381
00000352
00000533
00000217
00000259
00000077
00000588
00000512
00000356
00000374
00000449
00000254
00000513
00000180
00000398
00000589
00000535
00000288
00000095
00000477
00000442
00000166
00000407
00000303
00000321
00000132
00000531
00000018
00000332
00000102
00000382
00000544
00000384
00000276
00000342
00000364
00000027
00000256
00000510
00000079
00000343
00000058
00000489
00000195
00000103
00000115
00000500
00000120
00000187
00000414
00000219
00000437
00000443
00000540
00000065
00000433
00000074
00000459
00000420
00000015
00000461
00000358
00000266
00000545
00000162
00000262
00000509
00000571
00000190
00000228
00000210
00000362
00000538
00000168
00000455
00000002
00000372
00000086
00000076
00000552
00000553
00000360
00000090
00000530
00000061
00000181
00000182
00000422
00000237
00000338
00000349
00000548
00000282
00000281
00000286
00000445
00000169
00000301
00000267
00000269
00000155
00000025
00000373
00000107
00000106
00000334
00000014
00000505
00000377
00000033
00000385
00000137
00000542
00000517
00000488
00000399
00000388
00000394
00000135
00000075
00000504
00000035
00000410
00000532
00000146
00000098
00000068
00000186
00000580
00000105
00000122
00000261
00000495
00000092
00000152
00000158
00000417
00000585
00000568
00000444
00000448
00000331
00000380
00000255
00000052
00000207
00000140
00000008
00000476
00000431
00000148
00000184
00000147
00000507
00000421
00000200
00000435
00000418
00000126
00000220
00000097
00000019
00000041
00000468
00000205
00000474
00000209
00000028
00000130
00000465
00000308
00000400
00000438
00000110
00000223
00000284
00000029
00000322
00000483
00000570
00000361
00000297
00000559
00000089
00000344
00000173
00000044
00000370
00000481
00000163
00000387
00000519
00000492
00000174
00000302
00000470
00000466
00000225
00000575
00000141
00000013
00000295
00000318
00000508
00000253
00000550
00000562
00000246
00000236
00000582
00000428
00000274
00000145
00000124
00000569
00000527
00000490
00000131
00000036
00000440
00000012
00000235
00000328
00000341
00000577
00000053
00000439
00000567
00000402
00000114
00000213
00000245
00000426
00000390
00000101
00000258
00000563
00000309
00000558
00000469
00000436
00000119
00000415
00000215
00000314
00000087
00000208
00000170
00000017
00000011
00000526
00000093
00000133
00000109
00000123
00000456
00000424
00000386
00000099
00000576
00000529
00000425
00000183
00000441
00000136
00000072
00000157
00000030
00000178
00000094
00000416
00000218
00000113
00000239
00000057
00000001
00000528
00000020
00000368
00000363
00000049
00000263
00000063
00000004
00000250
00000539
00000073
00000409
00000051
00000406
00000454
00000434
00000557
00000336
00000128
00000551
00000206
00000310
00000116
00000534
00000429
00000202
00000353
00000300
00000432
00000227
00000457
00000317
00000117
00000447
00000100
00000487
00000059
00000172
00000067
00000216
00000330
00000222
00000240
00000333
00000565
00000537
00000201
00000290
00000280
00000045
00000367
00000252
00000497
00000293
00000395
00000037
00000392
00000046
00000523
00000198
00000404
00000393
00000161
00000039
00000234
00000139
00000291
00000265
00000138
00000586
00000062
00000499
00000142
00000153
00000350
00000345
00000050
00000032
00000248
00000177
00000229
00000042
00000325
00000355
00000520
00000419
00000160
00000150
00000283
00000335
00000203
00000578
00000080
00000171
00000204
00000371
00000516
00000144
00000264
00000156
00000277
00000555
00000257
00000127
00000462
00000238
00000121
